-244.247940,-227.518036,-206.466888,-195.439575,-159.256729,-117.400299,-93.632240,-84.426102,-58.009113,-18.956450,7.992401,22.979879,33.627579,39.858738,39.557384,25.380861,-9.572248,-57.546085,-76.078255,-56.428448,-38.039497,-38.548500,-59.803791,-93.338264,-112.153061,-125.269028,-135.524933,-132.347885,-125.966316,-132.170105,-142.642654,-150.939606,-163.469543,-177.700882,-175.734375,-165.883224,-159.031219,-136.479416,-110.485176,-97.825699,-104.669861,-128.928146,-156.729721,-168.333038,-176.968018,-195.351837,-230.468811,-283.420685
19.819090,13.602875,2.534863,-4.087052,7.608911,18.892487,24.078854,25.692749,22.678905,18.323057,17.676666,23.390244,35.118568,46.027863,50.599998,52.432274,53.748501,54.558544,56.612202,45.247326,34.628792,24.052959,11.840591,5.807343,27.821918,62.239376,93.609055,107.149338,105.495667,103.455475,105.632919,109.238129,112.015427,114.357086,103.926666,80.180740,57.387825,50.459206,57.550938,74.135712,93.226746,113.046349,128.477585,126.854485,119.496246,113.948990,105.360336,88.019440
92.168907,91.138290,87.925415,84.620361,65.280975,43.319290,31.884960,28.084263,26.550043,20.665237,14.777369,3.524220,-16.837025,-35.095684,-43.586006,-47.665253,-51.764275,-55.833183,-58.135311,-63.810158,-69.391632,-73.433617,-75.325790,-72.053703,-61.550766,-55.731594,-56.974930,-59.325493,-58.779213,-56.363850,-54.514465,-51.564327,-44.153725,-33.260620,-22.266968,-3.557886,10.550364,-1.538477,-24.828369,-37.204529,-43.196987,-47.105629,-52.670204,-59.716309,-65.045540,-66.844307,-67.231514,-67.822754
-18.770432,-13.915298,-1.356482,11.406427,14.611437,12.869697,13.704287,15.485779,16.990627,19.759544,23.584103,23.627230,15.824457,3.198281,-9.553001,-17.859200,-22.809078,-27.687572,-40.546860,-45.572300,-45.954216,-43.780495,-39.886314,-35.599277,-32.444027,-34.875591,-35.515251,-35.470825,-37.077057,-39.082718,-40.539291,-35.961060,-26.767033,-13.287566,6.357140,21.723829,37.407909,35.447380,22.907818,13.092971,3.853613,-7.978842,-18.497181,-21.865547,-21.819792,-16.871469,-9.437500,-4.229033
-39.138039,-44.661980,-49.300560,-49.548588,-46.509384,-48.191891,-51.772804,-55.658398,-61.103504,-62.958176,-63.486641,-65.547226,-65.287338,-56.797012,-44.532238,-33.726273,-24.045408,-11.909010,-3.489926,-0.535916,0.827537,2.569235,4.993135,6.984708,10.138937,10.076565,2.723771,-7.368920,-8.957666,-6.954969,-4.446115,-3.928664,-6.212603,-11.734841,-22.652523,-36.722137,-46.366589,-49.171051,-42.306736,-34.728783,-25.082573,-15.211019,-9.791750,-4.976892,-0.826605,2.347196,5.422124,9.831467
16.811863,11.661293,2.012507,-7.849503,-20.432522,-27.229748,-29.121122,-27.737139,-24.024757,-23.805090,-25.690449,-29.744440,-34.614967,-38.714813,-41.104065,-41.460953,-40.511475,-34.556492,-13.744930,-2.540510,-0.379895,1.989542,4.652382,4.720434,0.703027,-5.655663,-6.938157,-2.975918,-0.592324,1.027154,2.569905,2.694782,1.650131,-5.732450,-16.383553,-16.405306,-20.238411,-24.697487,-22.905853,-24.041479,-26.215755,-25.689140,-21.038177,-20.977184,-21.220776,-20.641945,-20.575493,-20.101728
-23.933270,-18.478874,-8.496689,-4.107620,-13.189720,-20.593348,-24.425177,-24.386770,-21.808132,-20.483292,-20.366793,-20.077194,-19.113384,-17.404293,-16.689785,-16.693106,-17.108196,-23.571112,-40.270054,-45.356125,-45.562874,-43.754646,-40.267471,-37.200535,-37.823750,-38.301441,-35.242771,-34.248672,-35.821556,-36.294014,-38.140465,-40.483688,-42.873428,-42.496758,-36.197304,-34.206566,-29.340031,-24.531403,-27.252789,-31.637350,-34.580093,-36.130844,-37.180023,-32.545479,-24.739239,-18.405838,-13.987511,-10.558225
-15.748458,-16.005482,-13.445881,-10.963512,-13.824347,-14.832951,-16.330414,-17.889122,-18.749481,-17.797865,-16.118160,-9.531526,0.618101,9.346752,16.015783,19.614586,21.055504,19.620525,21.060429,27.394409,32.065845,35.460625,38.191872,39.487541,36.631378,29.552673,14.064003,3.131625,2.912005,2.930451,1.638024,-2.090112,-8.446498,-17.712490,-27.457661,-29.920757,-22.414845,-5.047243,2.168295,2.012112,-0.586830,-4.143082,-8.322627,-5.854459,-1.091678,-0.000430,-3.472136,-9.370487
16.861858,11.936749,1.974974,-7.190671,-16.671055,-21.232773,-21.898819,-18.491364,-7.656788,-4.927814,-8.137733,-10.542932,-11.454330,-9.605825,-6.233259,-2.868485,1.896945,5.747140,-0.334205,-5.796648,-6.084005,-5.737239,-5.061124,-4.177646,-4.815188,-7.007332,-1.359907,6.732809,6.851468,6.392160,8.103861,11.074114,14.588939,15.019102,5.765564,-6.145464,-19.222046,-20.822842,-15.542084,-14.464295,-13.703335,-8.824399,2.408973,7.089495,8.709122,9.431128,9.466810,8.280306
-10.771107,-8.028257,-2.554847,2.120070,5.504600,4.759722,0.920599,-1.532144,-1.437548,1.531643,2.978067,3.204931,0.146993,-6.295574,-11.229729,-13.944857,-14.340950,-9.337231,-4.765262,-6.354009,-8.027540,-8.570618,-8.485587,-7.865532,-9.344812,-12.123768,-15.923738,-18.403654,-17.165180,-14.774661,-12.103104,-13.039066,-16.709236,-18.928711,-11.678247,-4.463233,-2.392823,-5.443370,-3.983350,-4.332952,-5.586645,-9.973364,-22.334599,-28.109791,-25.898510,-23.999405,-22.478474,-20.214071
7.444530,3.130169,-2.313084,-8.393951,-11.564369,-7.207098,-5.006584,-4.358939,-2.772913,-0.938751,-0.513616,-1.683408,-1.298264,3.100653,6.242832,5.476789,3.262895,-5.296372,-23.426361,-31.374420,-31.225822,-28.993004,-25.234123,-21.621140,-24.540041,-28.508129,-30.432095,-27.256794,-26.710300,-26.909122,-27.582897,-28.148836,-28.044729,-26.462124,-26.406769,-24.348032,-15.853067,-14.807550,-20.543858,-26.001144,-30.161724,-30.297146,-24.097731,-21.584316,-22.388290,-23.465937,-22.676605,-18.492224
-11.273351,-7.023640,-3.673815,-3.297157,-5.475911,-8.438231,-11.408410,-9.630131,0.262269,3.877621,0.073020,-10.178555,-21.978809,-28.316311,-27.228573,-22.635921,-16.189257,-9.003448,-5.709105,-4.655951,-1.906749,0.837595,4.307080,5.902656,0.102370,-1.516190,1.305972,-1.779529,-2.039166,-2.607895,-3.500749,-3.234202,-4.105989,-6.176688,-6.908041,-3.310436,3.387136,9.376068,9.530703,8.832829,6.727373,3.580456,1.461518,4.049646,8.827909,10.737625,11.565834,10.958467
-8.757490,-9.694661,-9.485701,-8.154814,-0.257496,5.155979,7.390842,7.197738,4.420039,4.565462,4.177979,-0.077878,-7.009539,-12.036736,-16.934980,-21.715820,-25.205082,-27.057270,-19.457825,-11.771734,-10.061616,-8.783214,-7.803284,-10.365232,-17.548187,-17.621908,-15.874006,-12.471769,-11.403091,-12.277805,-13.516336,-14.539155,-13.351771,-8.163351,-1.912527,-1.403195,-7.432112,-13.413118,-14.729175,-14.891266,-14.139217,-11.656860,-9.455757,-11.525743,-13.299530,-15.973066,-16.767786,-13.845716
-10.658051,-10.734861,-12.213564,-13.558601,-12.825953,-12.913841,-14.064941,-14.160816,-10.662206,-10.359516,-11.357491,-11.301954,-11.513474,-11.128588,-7.159389,-3.761659,-1.014160,4.941209,13.142094,14.079556,12.597107,12.155193,12.061302,10.272042,6.882056,8.411741,10.895044,11.609903,10.232246,8.184530,5.605328,3.923359,2.492299,0.679973,-1.189721,0.406359,2.562277,1.714672,2.658118,3.884929,3.753985,2.719398,1.670856,1.423776,1.439706,0.691456,1.443060,2.314796
-2.037833,-2.674214,-5.585174,-8.554520,-13.312219,-13.336969,-11.770350,-9.299311,-11.208910,-16.428230,-19.799110,-18.788700,-15.627917,-15.287416,-15.649585,-15.666561,-16.022877,-19.397465,-25.318367,-23.306488,-21.094532,-20.627583,-21.653111,-24.798697,-29.838308,-29.285381,-25.737450,-21.769705,-19.752827,-19.514475,-19.031668,-16.705503,-14.174566,-14.681522,-19.421158,-22.637527,-20.712223,-17.061016,-18.883299,-19.256147,-18.632309,-17.690670,-15.649088,-12.849550,-9.885977,-8.984226,-9.321267,-9.857295
-20.329807,-19.499500,-17.852188,-15.762907,-11.149330,-6.166318,-5.290986,-6.128901,-7.229886,-9.255941,-11.069012,-11.043036,-9.931369,-7.783323,-4.055162,-0.849384,1.304311,3.325260,12.017094,15.491818,15.217749,14.339192,12.494159,10.216234,7.041002,4.732414,-2.534342,-6.872484,-8.447218,-9.219419,-9.614975,-9.699301,-9.110000,-8.327148,-6.223934,-3.929657,-3.833962,-2.673206,-5.010511,-6.435571,-7.887526,-8.108967,-6.977416,-7.320447,-7.601767,-8.095192,-8.829224,-9.004988
-15.631422,-18.205633,-22.042664,-22.003746,-16.749527,-16.510347,-16.125664,-14.347443,-14.414952,-16.243597,-16.405582,-14.820201,-12.380113,-10.943604,-8.726185,-7.409429,-7.516229,-9.386576,-11.426017,-10.345071,-9.946555,-10.448547,-12.626650,-14.909035,-18.413622,-19.524014,-15.537034,-10.507002,-7.105212,-5.103955,-1.818515,0.445997,2.215457,5.776058,8.381526,7.458873,2.208937,-5.623533,-7.758887,-8.220562,-8.616091,-9.384148,-11.515949,-14.241007,-16.518948,-18.227882,-19.652786,-19.157757
-15.631343,-16.059116,-19.452370,-17.533772,-8.157627,-4.794303,-4.244120,-1.678543,3.253324,2.814037,0.131352,-3.944141,-5.683689,-3.438226,-1.179031,-0.197018,-0.337579,1.407739,1.783363,-1.540796,-2.543969,-4.186678,-6.524549,-6.357965,-6.923553,-7.917074,-7.389625,-7.349095,-8.462105,-8.495993,-8.032871,-7.756018,-5.345317,-2.954322,-5.302773,-8.433723,-9.811665,-14.961405,-17.010521,-17.902782,-17.528442,-16.374296,-13.133127,-9.842937,-6.470282,-2.211655,1.013617,3.076605
-7.943426,-8.424852,-8.424545,-7.771195,-5.477860,-3.885783,-3.400175,-3.614794,-2.260144,0.921467,1.629657,-2.188590,-7.916061,-12.170794,-12.519394,-11.248877,-10.147797,-6.626972,-3.019377,-3.136019,-3.712312,-4.209892,-4.654103,-2.337010,-1.702428,-5.146873,-9.118828,-8.030882,-4.904237,-3.174298,-4.113716,-6.445306,-7.277053,-7.404976,-6.112656,-6.203328,-5.123418,-0.322863,-0.106242,-1.794291,-3.073979,-4.293239,-7.193066,-10.183269,-11.991205,-11.503741,-9.762562,-6.896489
12.927856,8.620581,3.044771,-1.021583,-5.843439,-9.026710,-9.745974,-7.589648,-3.211289,-0.468709,1.807848,2.246930,2.845672,6.871857,8.265916,5.666423,1.713676,-2.918354,-4.828488,-3.178132,-1.998750,-1.374863,-0.954119,1.311032,3.262580,1.730938,1.642857,-1.248717,-3.479434,-4.926962,-8.239885,-8.399525,-6.805110,-6.501661,-9.039783,-11.904802,-15.141819,-12.497781,-10.830414,-10.555410,-8.651657,-6.332884,-3.374730,1.167910,4.637770,7.665505,8.403437,6.267249
0.465131,1.373563,0.043005,-1.126005,-2.283655,-2.684139,-3.955126,-5.162405,-4.216685,-2.501410,-1.831731,-1.559980,-3.625630,-9.539660,-11.377245,-10.155479,-8.802585,-6.569890,0.249445,4.303353,4.656409,3.883432,2.907227,2.523418,3.699098,1.602360,0.562588,4.825707,8.829282,9.155819,5.916320,1.889444,-0.981065,-4.869434,-6.656754,-1.789919,3.372993,3.553063,4.989906,2.743146,0.191088,-0.748675,-0.377904,0.438187,2.263704,4.222780,4.473039,4.116893
13.033876,10.443203,7.276661,3.306195,-0.791510,-3.044334,-3.166642,-3.437382,-4.426940,-3.616994,-1.331447,1.987950,6.964007,13.416774,15.298797,13.956275,12.422504,9.197618,0.456264,-4.149081,-5.501873,-5.974211,-6.202468,-6.087803,-3.502605,-2.482187,-0.021145,-1.607950,-4.003343,-4.608168,-3.447507,-0.718674,0.705938,-0.074204,-0.743353,-1.578285,0.168049,-2.054468,-3.323986,-5.610205,-6.894160,-6.312613,-2.916644,0.168767,-0.762329,-1.080401,-0.188986,1.787958
6.495447,6.366688,5.318430,3.170304,1.149832,-0.314003,-1.338880,-0.690172,-1.923490,-3.843046,-2.715344,-0.331693,-1.433402,-5.480589,-5.563606,-5.309582,-4.762443,-1.854395,3.277301,6.482944,5.926403,5.075384,4.466403,4.417425,4.049725,2.557189,1.049927,2.227192,3.376840,2.677316,0.407162,-1.554077,-2.711863,-2.435381,-1.066929,-0.978784,-1.625586,1.349380,0.768061,-0.092802,-0.884310,-1.666037,-3.368311,-3.651194,-3.946354,-4.978251,-7.827493,-12.761552
2.726385,2.150236,0.794197,-1.075326,-2.189010,-1.329383,-1.234892,-0.887127,-0.223400,-1.197993,-0.611562,1.249689,3.816016,7.536684,9.414873,10.734146,12.105230,9.409559,1.400539,-1.754076,-3.167859,-3.727839,-2.309909,0.968583,1.991221,0.342363,-4.686789,-11.261038,-14.095194,-14.937454,-14.717614,-12.789309,-9.524179,-5.536475,-5.705886,-7.417451,-10.526375,-11.216806,-12.191496,-10.044593,-8.026963,-6.030715,-3.271555,-3.600772,-5.963299,-7.047177,-6.815405,-5.786368
