8k_1.wav
[ 2.85135838e-03  2.59013534e-01 -1.95561278e+00  2.05484897e-01
  1.94710881e-01  3.95338175e-05 -3.15649660e-13 -6.26818208e-10
 -2.53244370e-10  1.24132570e-13 -7.88117825e-15 -2.18352706e-15
 -5.65721694e-19  2.56455200e-19  1.83798602e-18  2.08564410e-18
 -1.38440608e-18 -5.89099938e-19  3.06220169e-19 -5.42177807e-19
  4.36202943e-19 -1.19977719e-18 -8.83667329e-19  4.37456948e-19
 -1.97525677e-19  1.81458838e-18 -2.38172104e-19  1.15911061e-18
  3.15212527e-19  8.81636084e-19 -1.00634607e-18 -2.57896469e-18
  1.42209641e-19  2.18066399e-18  4.60003462e-19  1.07478679e-19
  1.28383280e-18 -2.34255275e-19 -1.45625747e-18  1.50370320e-20
  2.84472660e-19 -3.11466846e-19 -2.86549762e-19 -6.35183527e-20
 -9.36286563e-19 -2.29301006e-19 -2.04099247e-18  7.36759535e-19
 -1.37485100e-18  3.03257415e-19  2.12820841e-19  6.56083369e-19
  6.02449961e-19  4.45007246e-19  3.02171223e-19 -9.43114215e-19
 -8.19668830e-19 -4.31403486e-19 -2.09699413e-20 -1.84121060e-19
  5.21620644e-20 -1.98554457e-19 -6.03772571e-19 -9.12607755e-20
  6.38569741e-21 -3.52464192e-19  2.17222618e-19 -2.59745672e-19
  4.49653933e-19 -4.50780295e-19 -7.95602427e-21 -5.65762381e-19
  8.13582229e-19  2.75262237e-19 -5.10710926e-19  1.01628465e-18
  1.73054159e-19  2.33415712e-19  3.96741232e-19  2.09340789e-19
 -4.62347434e-19  5.25414947e-20 -2.09113311e-20  4.68138086e-20
  2.77819414e-19  2.21074695e-19 -1.04520433e-18 -2.37358805e-19
  1.74827298e-19 -4.34024511e-19  3.69458540e-19  5.54242392e-19
  2.17116661e-19 -5.13628819e-20  2.81157010e-19  5.26501804e-19
  7.13431242e-21 -1.78574025e-19 -3.73640119e-19  6.10594420e-20]
mix_8k_1-8.wav
[-5.22953384e-02  5.63292980e-01  3.12708974e-01 -8.32883894e-01
 -1.58347917e+00 -1.33045047e-04  1.34298627e-12  5.63307845e-09
  1.25054855e-09 -1.98168955e-12 -8.29222758e-14 -4.99270255e-14
  1.53873947e-18  4.14370420e-18 -2.52331136e-18 -7.04662673e-18
  2.27360021e-18  2.59101480e-19 -8.00604721e-20  1.27289841e-18
 -4.66889327e-19  2.01815022e-19  2.20273984e-19 -1.57535576e-18
 -1.71761159e-18 -2.69139942e-18 -1.62659050e-18  2.82489582e-18
  1.15805803e-18  8.79114953e-20  3.48674123e-18  4.14920413e-18
  2.89846051e-19  8.54627241e-20 -1.39000061e-18  8.16933603e-19
 -3.93553634e-18  1.82322353e-18  1.80911534e-18 -2.65860233e-18
  3.43710915e-17 -2.57465487e-18  1.62028738e-18  2.58425699e-19
  1.15784399e-18  2.47346897e-18  1.56518991e-18 -5.48532571e-19
  6.08998233e-19 -4.70253367e-19 -1.63709559e-18 -1.91069188e-18
  5.97767240e-19  4.97696532e-19 -8.56321979e-19  2.30960552e-18
 -6.05770987e-19  3.19401473e-19 -6.80241127e-19  9.20057279e-19
  1.07467853e-18 -2.75104814e-19  1.61492239e-18  8.80884590e-19
 -4.89604637e-19  3.87238038e-19 -1.53560187e-18  7.23357245e-19
  1.64252608e-19 -1.88495850e-19  3.00828476e-19  3.58270179e-20
  2.46726186e-19  4.39616924e-19 -5.82702316e-19  3.73292523e-19
  1.67682497e-18  5.17081044e-19 -9.77367660e-19 -1.12266840e-19
  7.48623425e-19  7.28013083e-19 -5.72397869e-19  1.09285469e-18
 -1.83971534e-19  9.66009747e-19  8.44666797e-19 -2.60809509e-18
  3.71084887e-20  3.39162456e-19 -1.42021503e-18  5.90789351e-18
  7.31528031e-19 -1.53284881e-18 -1.02128588e-18 -4.09172076e-19
 -1.35827503e-18 -1.59018855e-18  2.39619825e-19 -3.71740628e-19]
mix_8k_1-8-noSil.wav
[ 3.61870639e-02  5.27873158e-01  6.12317741e-01 -1.11603737e+00
  1.34579265e+00  1.46771781e-04 -1.13385733e-12  3.81329324e-09
 -7.85906396e-10  1.33435255e-12  2.08750016e-14  4.41449652e-14
 -1.41870274e-18 -6.83928481e-18  2.05990203e-18  8.67090754e-18
 -4.13794000e-18  1.91782569e-18  2.02189308e-18 -5.15222007e-19
 -2.93942560e-19 -1.77126108e-18 -1.52844273e-18  2.68786053e-18
  2.05127309e-18  2.55548517e-18  4.09494480e-18 -4.06578834e-18
  3.45023573e-19  1.19559805e-20 -5.68233459e-18 -6.01645434e-18
 -1.94545560e-18 -3.48174278e-19  2.51026341e-18  5.01358564e-19
  6.18050080e-18 -2.56943453e-18 -3.65936969e-18  3.43338332e-18
 -2.35980881e-17  3.48182364e-18 -3.85613031e-18 -1.69737591e-19
 -3.62013072e-18 -1.16433095e-18 -4.09620129e-18  1.20563862e-19
 -2.35286893e-18  8.02290903e-19  3.13931379e-18  2.54994202e-18
 -8.94937148e-19 -2.81925047e-19  2.20888889e-19 -3.57042296e-18
 -4.14247450e-19 -1.14783325e-18  1.63167414e-18 -1.79384580e-18
  8.34808640e-20 -7.85600776e-19 -3.14415363e-18 -8.48375306e-19
  2.50423512e-18 -1.18006594e-19  3.80051570e-19 -6.78548457e-19
 -1.56989512e-18 -5.25626388e-19 -5.87740363e-19 -4.68298429e-19
  1.11460610e-19 -4.70708885e-19 -1.85906219e-19  3.34463295e-19
 -2.34222601e-18 -1.34323675e-19  1.37864011e-18  1.75631214e-19
 -1.76719714e-18 -1.19813622e-19  1.60569612e-18 -1.07940235e-18
  1.60427011e-20 -2.16407488e-18 -1.94886565e-18  2.49027045e-18
  1.58084232e-19 -1.62600537e-18  2.31727369e-18 -7.48480912e-18
 -9.35939353e-19  1.13488125e-18  3.85081113e-19  4.31159080e-19
  8.31621125e-19  1.47625445e-18 -5.77813627e-19  3.39604119e-19]
mix_8k_31-38.wav
[ 5.61290281e-03 -1.98307514e+00  2.46533290e-01  3.79054733e-02
 -4.05580774e-02  8.83876510e-06 -8.63300317e-14  1.51151505e-11
 -9.16069998e-11  1.84420608e-13  6.69227645e-15  3.11606502e-15
 -3.80371476e-20  1.12962866e-18 -1.60134598e-18 -2.27607348e-18
  1.59258634e-18 -1.47511920e-19 -1.02101043e-18 -6.03793871e-19
  5.42506250e-19  2.06258933e-18  1.39537077e-18 -1.27287845e-18
  1.51267074e-19 -9.60461536e-19 -1.25355386e-18  9.03658565e-20
 -1.10571042e-18 -6.31250632e-19  2.00316282e-18  2.06975995e-18
  5.98045689e-19 -1.57851983e-18  1.36208923e-19 -1.17079640e-18
 -1.38944847e-18 -1.79474880e-20  1.52365552e-18 -3.46642960e-19
 -5.45744321e-18 -2.17975947e-19  1.24487125e-18  1.74608974e-19
  1.57239673e-18 -4.37078100e-19  2.69909613e-18 -3.36721084e-19
  2.06886453e-18 -2.40682752e-19 -6.15616970e-19 -2.47606952e-19
 -4.60002583e-19 -2.52097224e-19  1.17411826e-19  1.17217748e-18
  1.26031120e-18  7.57293415e-19 -3.85455154e-19  2.51469343e-19
 -8.32191414e-19  6.88294558e-19  1.33797498e-18 -1.62437347e-19
 -7.70635166e-19  2.50530415e-19  3.28991572e-19 -2.92605997e-20
  2.35998584e-19  7.02513741e-19  1.22535369e-20  7.55742555e-19
 -6.66034042e-19 -5.29768392e-19  5.45494646e-19 -1.08767705e-18
  1.37712531e-19 -3.09952072e-19 -6.84809439e-19 -2.47018697e-19
  8.36081955e-19 -4.33898417e-19 -4.93505466e-19 -2.15523072e-19
 -3.06860226e-20  3.41383410e-19  1.17122705e-18  2.56691773e-19
 -2.57732703e-19  9.23580345e-19 -4.31989233e-19 -2.00108419e-19
 -2.33495690e-19  4.07774761e-19  1.84304461e-19 -3.13847084e-19
  3.90917337e-19  3.38716657e-19  3.09305630e-19 -1.17130843e-19]
mix_8k_en.wav
[ 5.28381113e-03  6.32936656e-01  7.84755111e-01  1.70506048e+00
  8.25656131e-02 -5.05417302e-06 -2.00528098e-13 -9.08568332e-09
 -1.69603789e-10  2.24339753e-13  5.40196414e-14  2.68972581e-15
  4.58570010e-19  1.29685097e-18  2.42798293e-19 -1.49809212e-18
  1.64086133e-18 -1.41430886e-18 -1.23642212e-18  3.63682933e-19
 -2.41440863e-19  6.94425155e-19  7.86806237e-19 -2.68172368e-19
 -2.61712656e-19 -7.12617287e-19 -9.64774353e-19 -6.45752964e-21
 -6.80649341e-19 -4.07809580e-19  1.21180068e-18  2.35507936e-18
  9.58453659e-19 -3.63899370e-19 -1.71298920e-18 -2.34614866e-19
 -2.11131751e-18  9.70951634e-19  1.74131838e-18 -4.69471578e-19
 -2.81536050e-18 -3.40869783e-19  1.31045995e-18 -2.02795218e-19
  1.79490748e-18 -6.41835597e-19  1.88116670e-18  5.62142703e-20
  1.06072710e-18 -4.34799476e-19 -1.11993669e-18 -1.07255185e-18
  1.73601300e-19 -3.46430763e-19  2.06054141e-19  1.05071914e-18
  5.68002748e-19  4.73123477e-19 -5.76697295e-19  8.09070786e-19
 -3.52639891e-19  5.10081493e-19  7.91623117e-19  1.81432930e-19
 -1.24994487e-18 -1.61745204e-19  6.10418347e-19  2.53113364e-19
  7.58531653e-19  4.86843612e-19  2.64163437e-19  2.31560372e-19
 -4.91536363e-19  2.67660964e-19  7.07717172e-19 -6.52539314e-19
  3.50423021e-19 -3.06590125e-19 -1.49278235e-19 -6.65350674e-20
  6.83143136e-19 -2.06134365e-19 -5.32934477e-19  1.79161362e-19
 -1.07153358e-19  6.46326774e-19  9.42248260e-19  4.67069956e-20
 -1.04848548e-19  7.84595028e-19 -8.20553707e-19  1.23618058e-18
  1.86213439e-19  1.04230363e-20  1.52802386e-19 -1.98355481e-19
  1.00991909e-19 -6.64507015e-20  3.73716556e-19  6.62582010e-20]
